0791849495;0658302006;0246065498;1716804411-0741454585;1927090201;0256644153;1271116295
0484249709;1969320680;1354701196;0841375678-1968688298;1463675157;0563187314;1528754069
1275284975;1827777765;1854809667;0913453417-0050987116;0094483459;0993080280;0457361476
1030354519;2007755072;0928949793;0653057261-0144465810;1380347560;0235602379;1956822432
1750044466;1061310750;0450603268;1261785954-0435514753;1072184695;0672886888;0561041514
1971515468;1735281113;2041739931;0881824904-1046513581;0862686937;1517249262;1187521956
2115982921;0995758927;0380225018;1678027701-1856318303;0499294905;1430859506;0933838236
1208740176;0100837412;0409786001;0293262878-0394220681;0679934572;0899865917;1466624845
0746469649;0315924969;1171378599;1377521344-2127513948;1524201486;2069433786;0328494490
1973920640;1356817624;2052442722;0375006893-2023830353;0523258038;0452310201;2032921474
0846389748;0340816908;0770886207;0515638698-1243081641;1752222271;1156457386;1852281152
1366374752;1617819493;1401764184;1555032898-0561932696;1917225813;1969599503;1745912063
0327490233;0127758770;1905484037;0046582148-1222113928;1535187988;2035979258;0698957908
0650010666;0479951173;0590786479;1531452472-1530187609;1746471638;1142332670;0681380510
1579425766;0363488595;1709324097;1721352360-2016905783;0106126986;1264826692;0001590791
0966620573;0278180856;0313747273;1078063926-0700874543;0650640406;0326573118;1893676141
1307253247;0100129872;1403063103;1911128061-0416413048;0004892163;0618204955;0644794499
0858661931;0440966477;0357513142;0064133288-1998864269;1825079062;1594864933;0004047077
1447230082;1196202252;1976829797;0858895442-0070618560;1475164776;0395685617;1678793807
1847359963;0260329815;0939011766;0113429359-1589241824;2133218229;0759288138;1007904892
0506512308;0327183848;1420797016;1464776919-1900632072;0103984979;1771337042;0295866533
1204177326;0722428754;2135011987;0842207786-0921541925;0703071311;1064498183;0334698524
1018421375;1163383035;0140063310;0401974058-2141922991;1031335076;1308107395;1570893426
0841854564;1427390712;0615875947;0155862689-1801648330;0784059610;0730207278;1872162388
0502859272;1207633559;0829278316;0511787982-0948607239;0323270545;0074422905;0990281781
0667629017;0238833144;0421714965;1067381655-1552572194;0007069861;0711553242;1886391798
1285868325;1460998514;0674005000;0025797075-1927226478;0399568045;0358768146;1829632693
0818329858;1184648018;1058347189;0034157422-0705657805;1586029901;1837519543;0228631694
0764636575;0704772377;1737027034;1320663120-2141566095;1475434945;0641448706;0460493802
2135750073;0362317306;1350822697;0079952395-1582623390;0418863988;0395651450;1104549038
1307036998;0760600223;1585281017;2135928037-1205874607;1331343110;1251531677;2038056621
1253459497;0079189009;1637296770;0191360732-1416803165;0912116219;1199020447;2097592928
1152791744;0373378174;0419753884;0319747993-1000433557;1637320136;0584073094;0368740421
1929934152;0810288376;1322929805;1583035244-0898443225;1177760518;1264251627;1073891571
1443064409;2050696492;1090890341;1526066748-1206637515;1268635984;1747335672;0631766579
0941742485;0911467005;1025098984;1724807854-2111334972;0187091376;0528697224;1674396129
0950029815;0610185260;1149250395;0983467647-2106595817;2140491877;0600922195;0083739524
0808391083;1647381059;0026797842;1567248271-1854760242;0082767442;1650478085;0538906296
1459577473;0412889030;0906263753;1620872147-1168112434;0170177364;1870222591;0112945798
2051966685;0964187622;0189762692;0328348649-1670254600;0062828616;1546078435;0388128345
1365258476;0036437937;0379567764;1368977958-0272746148;1314406738;0069768877;0079444477
1635980152;1685282123;1374820978;1839619173-1157374752;0090582338;1998932690;0827547162
1481053762;0587625557;2092927593;0051917691-0702271955;0514623773;1365106342;1774489093
1732780162;0810445767;1820716695;1291006762-1923363293;2043010807;0766601366;1514760009
0152836078;0325521134;1392850229;2062046503-0724480635;0113753955;0602275855;1359866674
1758218544;1004086288;0751744290;0919986729-0334695903;0974370228;1677613621;1339326684
0139990134;1319588673;1263204542;0655403152-0917150201;2053293688;1792290573;0274543942
1465159438;1887177964;1614058405;0466183931-1132984061;0325615278;0827644790;0974403911
0096240155;0453098894;0256099196;0701958584-1690248317;1089781303;0066334258;0335861413
1235743975;0834637688;0392440012;0817001747-0337922911;1523602509;0592361935;0092854053
1524941049;1614367245;1361890517;1413209493-0642813031;1915867607;0617067731;0858823554
1009880591;1499830696;0491459186;0732432740-0620796576;1252495706;1060622848;1773936236
1030847151;1697486508;0335489561;1428478352-1715972251;1787726994;0883882981;1276875368
0640225505;1376991065;1805049383;2110982559-0706537026;1330711719;1377161375;0372482259
0394496008;1012388167;0694987588;0492835483-0241536302;0756534884;1978605148;0632448641
1667740284;0754392544;0332035120;1351746934-0581218125;1777400319;1269631663;1301843449
1519451707;1696793072;1565812591;1347606599-1861568131;0686324574;0922447181;0885323374
1863240402;0874895860;0554188011;0601323838-0391702484;1306270533;0763524850;1347363125
2064467907;0618828370;0385112169;0064512325-1926888187;1156362149;0251632893;0798731708
0363538959;0408308198;1225631621;0527512123-1083756445;1885760908;1419918330;1729086846
1013909518;0494530081;0805357477;0053688898-0406176946;1912901256;0153730355;0323249144
1862219945;0903944237;1291472381;1159087238-0955047129;1184319425;1978135579;1330337046
1522483205;1107572430;0581578814;1397049401-1770569956;0288354013;1642788859;0155103734
1930793527;0221418472;1938582300;0130823816-1880104631;0844151259;1373237931;1003152008
0081685859;0652181780;0462642172;1736182664-0014238412;0934305667;0474918405;1904400583
1164323593;0915636087;0227899807;1348713648-1140387851;0207062282;1172265434;1250171660
0655087372;2052286682;2047409907;1687831068-1265266653;0953564377;2033510325;0005790270
0680303775;0662609797;1780148484;0213400584-0325924798;1734780136;0064270433;0008892990
1288111287;0503755202;1233143540;0078799583-1534664929;1834861233;0647572111;0297346581
0309540298;1238395452;0300855040;1294152242-1102354478;0930289077;1687566979;1121690124
1634460702;1917689737;1176835583;0751254611-1279886364;1853911396;0848598249;0951871216
1493840809;0751159786;1833646236;1701954002-0258733574;2028276690;0090916352;1170255047
1821335703;0957255983;1801306604;1483121669-0983200154;1905808260;1200830815;0312193199
0728545972;1867879857;1540804753;1947668145-0365281794;1782848632;0497631433;1390173013
0015750131;0571963136;0847622780;1737032909-1419404245;1678794839;1864704787;1864494438
0476642442;0815519384;1193651734;2059946711-1940498490;0123974441;0579292297;1622263828
0935774884;1545728407;0947658690;1560876678-2141579041;1693018367;0401371419;0603303906
1458450655;0801811727;0589810764;0164995996-0686316495;0786663428;1542903464;0713481923
2089478660;0067759229;0663028893;0233960368-0129347319;0686939669;0522930611;1391695553
1982759794;1740107259;1550397167;2106096718-0194585925;1935530741;0382879231;1190229005
0368715230;1506549015;1737096975;0348677860-1893404004;1028413982;1605404418;1047512418
0470271220;1108573580;0228037688;1518595968-0199289581;1532982194;1470421499;0132324017
1324179074;1104662857;1072509284;1833286917-2105330510;0201829951;1279307844;0720660344
0330632528;1400703307;0904742335;1820203585-1257101580;1162135874;0653864853;0832762672
1091300805;1982284255;0190174227;0802566453-0389588764;0140716845;0648518568;1172063851
0009649826;1123352057;1649281222;1898066325-2078631737;0299634363;0105586726;0774611460
0848940106;0255010874;1737883553;0683792424-1314275071;0004325255;1827600434;1021891197
1498622920;1667204424;0338128112;0677448422-2064815807;0023532729;0377585255;0261203900
0597372832;0559137699;0038867821;0416438859-0438697640;0879875329;0492261261;1328005383
0988928810;1550565537;0640924014;0231929946-0363783117;0216904410;1232669911;0708451568
1296164408;0561090088;0640415039;0267521709-1554089992;1894380730;0264378688;0268943573
1829038123;1562810103;0276914664;0507694799-0873957262;1959040601;0376105203;1155773700
1098988785;0197661648;2089599674;2101641527-0478118433;2000180004;0316317090;1319305305
0795605860;1514502798;0124858095;0398479546-1391718276;0217181608;1596569403;0733786956
1906268418;0344771733;0667636925;0371742900-0852991177;1769368114;1563831989;0271883490
1848099261;1948293066;0130910806;1194661914-1858172795;1602970891;0949413422;0987886344
1209708651;1345611208;0537286299;0002091658-0794757654;0143606438;1969267885;0467375631
1834533138;1575730387;0532279505;1752250780-1635608149;1875478643;0404582235;0880397243
0674135271;0067778125;0980613965;1389402677-2101098508;2089016335;0887397542;0216559979
1886269035;1370074231;1517937283;2013672668-1601738003;1703101276;0213614869;1779929146
0821954112;1967942880;1820336713;1347100229-1940942129;1137764173;1208062723;1599786723
1120193021;0094970698;0592171565;1188272757-1849793446;0357689303;0877387568;1630135074
0083820292;0018375212;1742026563;1595884790-2112398147;0876004425;2005970790;1005293277
1710255590;0197086035;1005206571;0252987848-2096623923;2046593885;0857851196;1847328861
1885082148;0749417245;0464047060;1725815163-1861308159;0611942464;0617806965;0398227510
1450716518;1810673635;0001021808;2141141527-0782171510;1209165283;0803159820;1772373345
0533141878;1213768262;0856016581;1077725614-1457315700;1053975865;1727242599;0082421247
0126946014;1130395827;1922323027;1739129321-0146578730;0384972001;2003676043;1092186094
1828950949;0097676685;0974538487;0210575340-0086689124;0990194402;1346533811;1011089391
0341295826;0230126445;0117112868;1220951824-1331058883;0769495782;0769085840;0321641587
0613813210;1994663929;2096925033;0664898714-1595270857;0383960804;0040873593;1915194158
0035828623;0876245601;1764448528;0484728673-1429334040;1065134938;0299221574;1757776591
0018633158;1782357691;0836320634;0760426023-0804985264;0240355948;0245678029;1647063869
1138236453;0555738095;0883781862;1724851982-0705510621;1259792060;1283876647;0199121073
0848351885;1106198762;1116660855;0859398852-2088979489;0268126820;0986772334;1813895404
0462202216;0784293113;0359724905;0730012030-0738112899;1597948421;0288622365;1858013629
1075351576;0211564680;1682140975;0121154070-0421957134;0842548744;0209572090;0404935550
0376111507;1261725028;1559015118;0919111179-0651712582;1166765974;1162544261;1075174221
1525726489;1930355443;1448475272;0649274112-0985589977;1269374128;1268419998;0264742617
2090530982;0574265907;0895589331;0457004294-1469647586;0010070108;1744580690;1573424339
0429236415;0778856632;1330585559;1404273902-0786190384;0034903897;0366761248;0878228246
0727024691;2069513854;1674197366;1904387368-0942219088;0331799038;1678884054;1216657645
0025752781;1182777220;1828099908;0826616127-0865534046;2123969991;2090458303;1500233601
0820632580;1231791026;0969416902;0031442125-0166817713;1239143056;2128417233;1673326952
0160241152;0228548326;1510954246;0613886747-1083116641;1869993315;0554471360;1068603187
0608024048;1332982310;0884278666;1484702222-1777750661;0715378716;1756623906;2120292833
0418005913;1006370454;0487016606;1227918325-0305440605;1054331905;1268755938;1615918903
1670802759;0685802341;0735211738;0082775728-1789740887;0371644280;1342968484;1218180618
2000039875;0108652634;0763719688;0327038097-1118643606;1971240204;1403886359;0715206124
1003353809;1325871619;1633979261;0268561791-1854878990;2078565078;1326780197;1872064178
0999727449;0507181215;0832085562;0448531270-0797453920;0362592513;1681259452;0337782538
1311837145;1979775913;0982143173;1320997769-1323560897;1452380253;1855780369;0048172755
0038158366;1377530556;0134856385;0936015110-1288239495;0511063411;1655644324;1468539289
0710275252;1882050338;1333394103;1362832676-0068206630;1740046559;0530212267;1367920066
1820108127;1800222621;0444488564;1571170882-1210090262;1316896344;1110387626;0651937752
0656230870;1943704745;0324411051;2063038071-0209894835;1534343471;0727083921;0917508817
1638101859;0837589673;0614328026;2057241853-1577106671;0041164576;0363294498;0594619465
1527938764;0457355722;0933647041;0142809458-1459326907;0496593562;1126544292;1614083692
0891182540;1553995602;0307968000;0582586730-1157224437;1859205427;1778547739;1226966780
1492692966;0786715308;0267366977;1100992915-1668819853;1718839551;0586314213;1528005455
1578231359;1763926616;0302888277;1107028149-0023782635;0282788103;0438336310;1249452960
1460798354;1604883174;0876899098;2010354372-1665711953;1023971779;2107226242;1998626617
2125829192;1125794805;1902357565;1187058419-0767767503;1786671745;0328182214;1020465202
1154245072;1177141753;1602086507;1117957063-1169930238;0657238134;1692921617;0922777816
2147338525;1855901840;2089735852;0095417879-1665491691;1616995639;0440151888;1699101348
1706301677;0315663301;1068491817;0883712105-0552446083;1389511000;1774199522;1160927659
1822231818;0985875259;1769141408;2048551541-1547920883;1289380823;0366010284;1141678180
0418785315;1220877986;0090063617;1870723431-2088112737;0733011485;1757829203;0902883042
0635837192;0637058472;1835758609;0697385014-2131668619;0484796632;0424037306;1444261196
0690259131;0478553623;0724483746;0166040532-1061963871;0690189680;1458774313;1946564439
1142647875;1684063651;0223314897;1599542570-1311680844;1500308653;2082031544;1605615790
0305074328;1340765307;0696606778;1936758049-1682891964;2005607958;1349626794;1455247144
0647493525;1124035326;0248081423;1238717534-1419119920;1195111858;0830447015;0826759252
1123552274;0719361047;2115667966;2144761183-1488187786;0230082693;1529256651;1132246061
0806951160;1068915315;1558992050;0531407303-2125537295;0514849220;0859226777;1344398611
1632004990;1446727446;1338333588;0628894838-2068515379;2072697217;1489888132;0890510504
0996504785;0030958542;0629172820;0298107912-0220328533;0799846703;1923390748;0356963345
1561113344;1824257209;0666883444;0592889615-0371637225;1224395099;1220123339;0291613370
0588227136;1466247611;0848748752;1333891490-1132481397;0467276018;0160337447;1846978391
0289700152;0645026915;0469910349;1485865624-2003695252;1415031757;1204833021;1005276384
1426334939;0051368312;0058793690;0303070210-2017292433;0162102595;1449049769;1714910603
1124478234;1249585238;1536511053;0650412596-0792737742;0554683806;0344215815;2061741334
2037956193;1713049748;2061342954;1784834474-1661423222;1957713860;1699889333;2065063690
2042218663;0337939040;1794682612;1822837769-0432675481;0597180425;1620320544;0487255401
0946378596;1521173290;0566667495;2038097667-1943319619;0294049310;0726881423;1809092225
1339551349;1768451142;1184669114;1412907661-2012373548;1242264633;0905670697;0243314543
0578660313;1737926975;1413585978;0527945485-1924820638;0766804458;0633159959;0737960028
1176129171;1763490009;1554769016;0421835216-0940956565;0587411447;0641864470;1005788409
1442004526;1417112087;1809200979;1019896180-0180626906;1402015931;1491177433;1084955941
0570853710;1528852821;0787526192;1010992483-0860046717;0092744662;1833890159;1506600569
0456081406;0991054499;0769798561;1562925199-0063849489;1524021770;1196430621;1520060286
1187762090;1856947765;0341244504;1515041238-0584484587;0842252331;1670209740;1456350243
2007409242;1559035924;1268797621;0169001437-1433770325;0463849288;0549344806;0805955989
1522945494;0287329065;1596356999;1458880222-1579093355;1219107859;0404310186;0603036994
1267427965;0771513162;0315453148;1831417640-0753163029;1142412985;2031234715;0414318646
1311499748;0604111828;0004810180;1387800321-0940104980;1307207881;1485147157;0665838618
0212368209;0154667349;1038921773;2116188701-0159336093;0049607242;0525261258;1908174036
0160238754;0188245140;0592655949;0739380057-1420236457;0633396394;0416755779;1470204786
0784995920;1434383919;0039105411;0114646695-0574171506;1456475371;1962951891;1688646823
2090759056;0112538331;1646119757;0302931598-1835124196;0772223958;1524383285;0829962285
1269836730;0453437224;1647444212;1088210313-1579992739;1302669218;0365765761;1326947413
0387496196;1478148468;1150473180;0059978672-0891709861;1826745061;1678022715;1772518601
0826975823;0468493777;1299860137;0398181628-0679577744;1345108662;0680930265;0454608992
2013996165;0596301141;1874579885;0331542058-1654788488;2116889166;1194633113;1374114388
0701379278;0543786963;1884569156;0717495289-0822644318;0683333240;0039220524;2049350886
2097610416;1446712560;1088144586;0475319050-0048106510;1072262298;1977160509;2122204732
0339037701;0932525216;0615649506;0645036096-0624215416;0730881117;0312472579;1129118338
1926401874;1572834146;1247280899;1462191126-1390882061;1195301632;1872494986;1797866564
1648427858;0440479459;0762136204;1630709920-1155322426;2104361255;1091430342;2011928967
0212642707;0473187941;0737779546;0290251844-1327379771;1211686161;0221883426;1163129590
0175380489;1272314939;1302506594;1927511487-0894747014;1332568004;0363488665;1710500587
0019783320;1785777602;0332706342;1895556853-0704125126;1596097712;1396010907;1496470474
1998266501;0368326874;1421900664;0686436032-0648238140;0753877749;0269810143;1361094584
0920865444;0070873379;1462940415;1099280402-0803901273;1349072034;0721330412;0855047169
1964687306;0790995670;1340450760;1852466290-0183021824;0851213464;1956116781;0627586344
1551493191;1199619263;1424475205;1007073679-1568700946;0500065203;1492356110;1567627457
1785288403;0700673337;1563938458;2061307973-1196908807;0966997800;0175784104;1613421303
0495828852;1158965204;1051505338;1007284603-0818733320;1523182911;2130112937;0108253022
0489891745;0158255617;1217399933;1763968962-1014597499;1320008513;1877004481;0279537737
1644009770;1347602088;1785751754;2045762653-1919720501;0948147779;1191060913;1465691104
0085470191;1978423941;1881869886;0448020986-0811045320;1159985731;1023633451;0715914840
0029841739;1186417622;0735310559;1743660275-1136394963;1818070370;1911379074;0340221245
1496996401;0100103355;0957391884;1937911064-1734262246;2097511438;1930672961;0342549357
1970869139;1609847845;0566262362;1671478277-1301815132;1043527888;0074268567;0543806662
0068166602;1067295963;0112346750;0573701537-0000157329;0496744856;1521858903;1352346951
2075769256;1582040077;1352540632;1035998529-0229867027;0052041836;0641293323;2143939015
0554912092;2033534970;0419998785;0140831806-0433184448;0561454206;0317695324;0860964026
0477571496;1397744433;0567070898;0228157300-1381431205;1268554718;0381498010;1598367775
0894254102;1638130608;1320774116;1859592220-1836926749;1002961171;1169255694;0057595361
1637591177;0844491887;0655721786;1977464545-0789686843;0817831841;1404410887;0941013632
1546536516;1644644771;1282645660;0984759034-0188617009;0400207291;0365157433;1840196952
0130688170;1747785956;1757238826;1717835038-0883333398;0629968475;0785779615;1721043902
1127619471;0357264322;0177182842;1499690752-0286904025;0895160660;1842265385;0535103249
1966275954;1721598842;1864561463;1603131617-1503251657;0005492244;2113831734;1347981017
1711960516;0934489906;1423939631;0595616049-1097656876;1434587202;1308199145;0965452029
2113298318;0972792893;0937148040;1002041182-0739386100;1521801158;0381826736;0680814716
0660060596;1885400217;1800235634;0663198055-0929582455;0548789260;0058828955;0895769065
1330309985;1067668978;2086642561;1793567217-0256263180;1310554025;1889214543;1483103306
0674573213;0985818378;0813142441;2046560026-0288782983;0262553061;1797885289;1963138933
0537294423;0138631726;2111145534;1298174204-2127476755;0899098735;1457498853;1984744689
0740499172;0901849439;0443940747;0953945151-1990728002;0370309354;0381703672;0759961715
1591295296;0138700134;1113395143;1807152090-0943957109;1625430574;0472183731;1039891252
1230353078;0424144983;1106504888;1966753243-1153460477;0875355470;1836402340;0779153696
2028372913;1708136313;1085619495;0985787553-0295066666;0645714539;1289388682;0498096497
0616569073;1067813136;0214538773;0128114498-1441753592;1494631643;1157804942;0878334727
0369167211;0513059094;0837350153;0883682680-0057900108;0317023065;0299725248;1633090921
0370616940;1256334280;1151026656;0772315216-0910672844;0562536939;1335319679;1513733803
0085261012;0610236135;2004306520;0951194798-0862701718;1765673529;1745967657;1261858591
1656324812;0020599223;0466273794;0495827855-1142208625;0744039842;0280348013;0229932973
1160396258;1480909799;0315523063;0858995398-1750579052;1456163064;1008975436;1319276140
0305429705;0871135605;1780091636;1405439895-1055681912;0336003470;1475812327;0541657039
0446674840;1808689615;1015336020;0847429078-0628967042;1134564360;1115896807;0902945998
1693938684;0836753709;1596666607;0220010937-1904461672;0043562769;2015018603;0600547431
0227531917;1608037359;0202195218;0975899372-1608133065;1810725960;0880448083;1528603151
0886289796;0926025780;0901294651;1857037066-1842126411;0346850878;1252088588;0660641563
0912294351;2045401324;0141831292;0051676474-0943105130;0191121403;1689367956;1325939505
0627455616;1501831342;1904061803;1912899074-0117057481;0290062515;0292810915;1388013128
0221784935;1655275000;1703761762;0576984836-1495472447;0256812241;1948687664;0320468451
0224269281;0460005282;0367645374;0705348399-0680810553;0590093055;0614493539;0544051550
2036515571;1122835911;1564349988;0387958095-0651350373;1521570252;0795956888;0971779453
1084131136;1740741604;1474415347;0684934296-1178364952;0685555630;0883707255;0470932133
1479120136;0301428080;0187817287;1991665166-1088839173;1411824524;0987959165;0286127551
0729864024;0398059704;0777884723;0028096525-1919376982;1617074887;1772073024;1928097772
0011020774;0542554976;0505916470;1050352817-0964216979;0683165791;1519872475;0178706260
1333973314;0360213718;0355557533;1555951177-0963062320;0604164801;0895127391;1283113302
0254483540;1464915603;2084010413;0504728721-0415208197;1229797876;1830283204;1014050000
0708127408;0142974582;2087082328;0594796598-0210045801;1924145386;0155262329;0301332398
0727173560;0276587843;1457265193;0205104716-0483708377;1461088344;0036294163;0110641793
1983260296;1562109785;1391571920;2052343610-0856715156;2081257404;1479546692;1028103831
0687663855;1956906478;1015121941;1544370619-1749635891;0636841666;0339383814;0307195466
0483509674;0268970670;0136973755;0015430701-1645754067;0599230709;1719705380;0105916687
2025298693;1579328301;0872877987;0999534852-1565170730;1297267007;1912602305;1571711839
1712019973;1933783705;1085216237;0650681288-1013676892;0879752193;0570198156;1248374978
0523024056;0814742021;1013413675;0750831368-0608892204;0891694673;1571480345;2116267609
1485542849;0873783121;1179736461;0114187276-1442650961;1544326897;1014800237;0432458785
1250138047;0090153681;1236945432;1700172664-0384556866;1468953039;1221720561;1366319760
0693568949;0272089927;1022718626;0372836594-2054837059;1961923206;1579407204;0051517061
0411334486;0548846509;1021012898;1769437156-0576737236;1629026541;0780058984;0063679153
0808668265;2011011639;1974980187;1984754877-0911728888;1131599271;0673769865;0368850424
1631270926;1994215680;1005655031;1347804127-0886453933;1537192692;1369301034;1407717186
0675406103;2099298726;1904851319;0149908957-0521522368;1345675569;1619001626;1942520692
1898868750;0532603183;0749855985;1395499299-1487809406;0313100974;0953134868;1257203503
0727672088;0065413351;2038046640;1085708830-0339757251;0141100184;0648846200;0236123934
2132662729;0012934226;0489688035;1029468941-0008747508;0990478960;1834132823;1290087123
1499376149;1441822345;0502679667;0336495971-1163342046;1598644834;1255817421;1054112031
1868300914;0027575164;1746797243;0172324964-1457713792;1302257168;2030375999;1014264363
0015959055;1935865157;1708441649;1922434353-1462701756;1383105883;1497580453;1326330731
0760340057;1507638349;0718180690;1604760690-0965794157;1420992673;0458216824;0373802826
1114429107;2005115862;1668903910;0984101903-2029118174;1348836058;1050249074;1368092025
0415255746;2028953919;0735685920;1609901661-1470747874;1322741348;0563122092;0432567915
0936802310;1633808013;1685363949;0602586913-0145367539;1503321334;1176553583;0306647905
2018070182;0348828156;0124461582;0176736496-0440404471;1649296535;0007948269;0442570969
1554406422;0770168799;1343064324;0681479851-1101566306;0568384155;0825231229;1211873477
1222619791;1447292841;0103509118;0215992156-0932802462;0980355734;1344281554;1812111638
0547218112;1569831930;0181160468;1779657877-0557703323;1701114153;1175776960;0138847026
1434725340;1482400864;1753532401;1700975826-0998398718;1797519415;0108861909;2133520966
1552421603;1771054218;1984894506;1110989844-0035997443;1566119694;0066635779;1108557566
2106374037;0560519064;1780632906;1912630197-2040492683;1394164238;0524275649;0375429102
0529962428;1463843287;1241464577;0344031387-1109543585;1498526194;0041530542;0071634119
1363795713;1221583960;1217950400;0278249596-1469060453;0879544012;1366267383;1960752357
1228300884;0292658777;0978513409;0445096337-1048593458;1459441324;0272116434;1468221775
1816268395;1690356307;0757285586;1710751780-2094100424;0436335485;1981325537;1256869977
1564551547;1628076561;1993614300;1635679606-0928972795;1039651875;1502111133;0164058199
2104631492;1338336307;0674593071;1319571784-0979351119;1639586425;0018886671;1748183388
1994427509;0270897740;0312984540;1143712277-0246115242;0405368172;1204738520;1564481724
0454561400;1214117421;0281880953;0224251789-0166017238;0670461613;0601633882;1307644698
0236795888;0541291725;0749293383;0529782073-0580100449;0172488963;2066561338;1443384835
0993645333;1364272659;0647680794;2123981762-0140809853;0064220377;1315085445;0739379191
1405681595;0822966518;1803581346;1060004817-2124107454;0105831650;0596081834;0336170783
2140358271;0502889800;1720717655;2086837083-0767931177;0242573369;1006650777;0903437973
1372627921;1488132173;1442878649;1076111819-0104066899;1000682835;1531968188;1607891833
2051307030;0614784272;1135433787;0695970867-1986420107;0981962087;0424969014;2071092023
0281196338;1602829366;0718286394;1233844171-1116886565;0357939528;0787951849;1722558741
0817714780;1584450307;1059086949;1729885507-1552103063;0712319732;1883887346;2143216501
1296521176;0114838923;1657463855;1984625748-0888941432;0394915445;1619414885;0298230117
0126744321;2035508870;1383081380;1085758532-1175098765;1625325543;0854411361;2016080485
1267729029;1536528516;0943913237;0888073870-0846186440;1218786646;1448134236;1359933001
0725492786;2092590283;0825199462;0677965508-0018061974;0772402791;0235062222;1468338321
1627573370;2126417751;0280287683;1363450310-1858846680;0044054204;1684632060;1186630372
0016032515;1023023730;1205752228;1422002904-0257300065;1557611044;0943159578;1106228939
1623845694;1752392982;1878113516;1739219806-1667360125;0807511172;1891102411;1000246077
0633827423;1218609241;0613972048;0369286901-0377205277;0317364595;1744852664;1849524063
0125136516;0782933999;1139416024;1053435069-1228018815;1994376035;1553257869;0793791351
1082821093;1197685373;1133840680;1837908929-0330591255;0707027996;0992509921;1608755998
1542942656;1372181867;0433753536;1536181634-1556318404;0692595568;1092344636;0198599049
0664629105;1358919688;0874610371;0050941682-1478357868;0374891686;0087546304;0364433133
0404305087;0517338101;1887660451;1133282826-1051991339;0585568822;1885120800;1399041409
0890510060;0989042477;1313483159;1727045800-1069787748;1189587952;0331955694;0016834152
1611234907;0256293279;1816427918;0076492074-1407066812;0481988520;0472739156;1784984639
2037762730;0609000754;0568610876;0340763782-2025481172;0351285560;0623861317;1221990165
1602586894;0938026784;0738706061;0829803920-0755679822;0492479996;0709317234;0813027341
0112074326;0290038663;2039413998;0444574619-0870013620;0102758917;0492265831;1404813373
1263144893;1800366056;0707716962;1834543248-1745649157;0203796385;2116909377;1534319390
0322354554;1859231344;0066651111;1366242490-1542375706;0433387805;1831791658;0596832614
0069628361;2012759359;1284139169;0316361033-2057855306;1149993007;0579645649;1118599951
1237530619;0797992338;0821849251;0205544053-1425194395;0209598127;0842539409;0052678745
0608404651;1287325990;0190170405;0738330099-0953461527;0304910375;0732690883;0664438683
0305980781;1543135349;0315805824;1316392231-1227695023;0847371185;1803443038;0882945908
0559874986;1693032195;0633778615;0398293185-0407032596;1261425277;0816067355;1813465743
1830824377;1519610023;0062642790;0570384500-0085291292;1119152095;1927480239;0369561878
0703776422;0030396878;1926704207;0211693936-1707062920;0224972520;1541924920;1446962091
0987044809;2098415435;2091765011;1987238487-1851572865;0199613378;0532587432;0485128928
1713968884;0329392530;2034893391;1776144062-1630556734;0728208971;0498871344;0754520720
0338805505;1324974338;1585763023;1647068291-1212557007;1973290266;1499540041;2048871542
0483726749;1769866548;1351077639;0069795295-0523451803;1561434909;0786349223;0557027323
1077000388;0005860553;1861550156;0384218749-0081187914;0873154753;1356173720;1967766429
1002208403;1402385800;1265114775;0548434478-0538458822;0381332896;0970780424;1473319909
1601260653;0122730767;1151699849;1349251732-1594031051;1021377832;1460431953;1889232508
1785041061;0838563637;1951355445;0060707131-0250018392;1581100812;0598699306;1378349747
1018097640;0017336184;1458952143;0640385955-1926190568;0168897851;1840284070;1594880396
0263933718;1380267371;1035349503;0059105280-1244996046;1715372401;0295982632;1007969572
1593589068;0035420492;0459238825;0370704457-0579748852;0705649125;1440145141;0231199450
0971238727;0586083842;1951127352;0522115374-0574909176;0969593179;0846646017;0352962697
0894215465;0988758549;0836472557;1166312237-2126521090;2017106256;1327993050;0781648079
1001795054;0897680098;1236786911;1183393864-1454617381;0800485019;1914149525;1806034615
1489907607;1217826829;0348875446;0919264612-1082977366;1676682037;0714579925;1216245451
1687942811;0995847607;1870669778;1186366766-2028057414;0700511914;0998385744;1579465397
1029566812;1653665405;0421102361;1508764462-0317409058;0344658658;0914669047;1154727703
0698786382;2062140478;0156434813;0679918163-0624079854;0599974230;1331160945;0337368169
0789988303;1589502767;0076436289;0469488317-0835224741;1669105195;0072131604;1135091520
1385940339;1891642211;1482730089;0844366035-0688010869;1346719835;1990111112;0739657359
1785883877;2118870267;0131259268;0608811807-1687945941;1048453517;1254936584;1282270101
1115189862;1906223265;1733368909;2115582008-0700065077;2078330873;1685464056;0137601615
1977939133;0176152771;1367156631;1873957964-0616334046;1412681641;0361139055;0875310963
1088373191;0022515991;0469138865;1404435918-1361709649;0520844664;0692922676;0147597851
0333469472;1836580881;1632408636;1788354827-0698453977;0770376937;0546272396;0707568647
1489296690;1687563045;1055571386;0625876635-0733701439;0468984199;0952448103;0452162383
1696027995;1592065334;0195826918;1318063622-1401476149;1008995947;1664004517;0244382338
1345221702;0433309898;0522408709;1210023227-0190239099;1892870157;0645982041;1490327502
1832551153;0476763197;0697565022;0862095781-0171624958;0430131185;0784870493;1473815977
1348740941;1599101302;0337740509;0605455742-1117136308;0260402835;0018775259;2023165551
0087349059;1344303712;0037037497;1866438096-0931447743;1833913618;1900875982;2055896702
0443990284;1786513510;1963693863;1274068345-0707230178;0095615501;0691957351;1103249752
0944773666;0316918544;0690524448;0642769148-1178326026;0031326348;0368437321;1130699746
0587838719;1380574033;1894450443;1436045079-0040934120;0784987800;1297911079;2000102174
1155711927;0060769974;1306220693;2073347617-1683742697;1271491960;0355600423;0129319760
0223755556;0415763795;1977798874;2113787052-0597010643;0914278117;1026818134;0553790846
0368622624;2097603620;1332492188;1236732800-0273950287;0077534441;1746259805;1877022733
0586299101;1274018071;2009758707;0244304886-0043485938;0723719986;0214428094;0415416192
0430602547;0117117039;1291053821;0566800259-2121978568;0832866647;0691324983;1212459011
0326271494;1119248867;1406443596;0745015443-1644888491;1083880406;1821689788;0465911637
0851506097;0431948671;1266586637;1663698995-1551925025;2015002360;0327551330;1154616049
0969701251;0515528474;1538030520;0418290701-1497835076;1310812198;1933360860;0420911263
0444464023;1158710295;1062217069;0650721172-1684007280;1423371147;1778523696;0822876079
0283573073;0746425218;1716656799;0408023348-0733124965;1517603916;0705740793;0833325570
1961992903;0603321036;1746354565;1322170406-1704718133;1618326704;1336524873;0294592891
1272912702;0611691100;0688099511;0689042282-1501808950;1527719459;1066463881;1159930105
0088727269;0885559065;1529531745;1460783625-1357332871;2122264463;1342936618;0682608756
0747719818;2000162529;0022614765;2129233483-0359655173;1705509953;2041543562;1876418415
1166944710;2019076566;0083254868;1252712279-0405597965;0771902177;0411177312;0054706738
0333144650;0672264821;0843379680;1290211560-1443305161;1802048062;1059904393;0436281286
1070402944;0791768889;1451040611;0815253745-1024024355;0843387427;1420415389;1493222871
1102894055;1409025128;1183150827;1664861816-1768104749;1805292904;1908872712;1165468051
0823188870;1245684116;0394863009;0738123033-1768270559;0297094280;0364084685;0990390492
0347251147;1536958730;1732068994;1742747073-0820594478;0591410712;1285518268;2020041456
1267775569;0171242649;0447114763;0612540888-2085584545;1191361481;0074886539;0192643831
1507011588;0921626798;2129531822;1078871452-1388062143;1045580040;0205048879;1692739565
0010513499;0606718639;0867809717;1716466842-1510383343;1756138261;0400508259;1128559315
1120836901;0179243623;1775498667;1520821204-1091609034;0720238117;1824197927;1818014517
0972657703;0812493357;1874823473;0130558280-1712208373;0805255211;0482387883;0742382156
0336906822;1626063862;0378436912;1690101217-0764955250;1765775808;1317487163;0302864324
0704450078;0615115035;0252116587;0338242178-0447072037;2041928653;1906191911;1206402231
1609185090;0164757312;0969721801;0860912324-1756099629;1898703882;2056634001;2098356342
1098588960;2067737461;1883131273;0173315825-0931245443;0581341165;1697849952;0001441928
0612163779;0042480876;1011512128;1003785644-2141271523;0819530635;2038754234;0093339306
1090653632;1842665879;0823754966;0022641353-0428614352;1061262026;1779182647;1160447301
0191305853;0494451812;1637374041;1490054429-1537980536;1725693260;1959968085;0931943262
1572166863;0769673753;1612760790;0132005096-0259041121;0754768178;0202864817;1492431530
0687727750;0883306096;0171103761;0260307794-0568904819;0986096489;1192386724;0126276464
0614687212;1651630014;0572024176;1873522060-1880030106;1739093231;1687497747;2105591547
0294111516;1772377665;0605748118;1736132446-1317708133;1869223467;0500537906;0847140843
0079568691;1576161203;1330553076;0858332121-1340300748;1478698253;1800775087;1139850038
1905457426;1746814718;0466027289;0647785614-1738207855;1839368844;1245062543;0685503833
0013155076;2054030338;1288265241;0943776433-0736292689;1070450009;1582790344;1077376219
2027484876;1815283983;0177729352;2094949734-1825786773;0604461828;1592292886;1872809735
0645402066;0332622265;0482474714;0054267126-1534520354;1552472855;0484962935;1071608180
1720817518;1617750877;0248535072;0273261689-1389169737;0333559575;1203458355;1523585039
0298743645;0167674829;0612306139;0287641749-0409186046;0947237428;0923177185;0269598720
2102675517;0676519187;1479548691;1061701024-0567487445;0786611788;0674989984;1548037634
1104131233;0727439304;0447979957;0121470917-1452237369;1601812628;0809840004;0229592542
1881223382;0319646493;1442006704;1453717733-0712486612;0393672212;0051750677;0042751304
1261628230;2079614779;1789235728;0471371555-0274551102;1585497558;1480365330;1902050815
0326478463;0302809556;1931447949;0482870791-0268682324;1733193474;1314529610;2134878581
0747536791;1071511387;0094017567;1752768024-1738993469;0010797813;1090216743;0942323397
2084920401;0766511508;0004516603;0748618976-2079925506;0569173476;1206447394;0220755984
1541564719;1835514825;0895074620;0396191105-1584596035;1360853798;1168942436;1235119096
1069714570;2107168953;1035770394;0690569376-1397874044;0597959328;1826441383;0869073863
1488132194;1443231596;0565641107;1967463727-0209663183;1935935601;0744910310;2025401807
1164881652;1704999112;2045773463;2101404171-0783843435;1391921347;1482712258;0544680418
1868481812;0920444203;1581010480;1227973029-1224850733;0288029389;0481800585;1609082905
0594817664;0564102063;1870554983;1404490848-0137434512;1316922659;1552663831;1547212920
0128064917;0608445725;1977656708;1871886737-0164960209;0084844386;0050453894;1870039540
1331374935;1786414452;0298826057;1552773313-1239793247;0171275488;0999039836;1835371406
0632115134;0357455429;1241634544;1053183109-1288294389;1433666869;0872547943;1894936285
1011656985;1290913596;0357522331;0218572811-1356198107;0230155091;0598566190;1288552782
1481510726;1825368564;0018074106;0976305315-1988366125;1476431908;0217536671;1121662303
1166873155;0816451681;1830381884;0525081113-1027960668;0429006961;1217390548;1606235267
2126689679;0555614285;0950390839;0235464687-1790116635;0244389975;1473576761;1623204923
1720373020;0589523932;1786661513;0156212990-1246706296;0394773093;1374388468;1012874544
0279591239;0395734237;0348466500;0488560131-1400139236;0014335626;0420697718;1150380502
0649823173;1623723616;1848111683;0009585973-0050174686;1472357978;0466471865;1677323505
0758314366;1821588064;0903720016;1817957328-0011482180;1854954677;1203152840;0683761728
0798367399;0683048537;1696668144;1613631342-1878470678;1299590599;0163023756;1898617167
0599214996;1455616989;0421027499;0250558828-2074274076;0074869934;2061047243;1109786991
1294483542;0228062637;1937913811;1780431075-0667940227;1174372320;0153382663;0922040641
0495056535;1063535267;1330838488;1360284311-0187509015;1105504956;0193281648;1489383672
1001985872;1957274577;0759310893;1390348177-0812247832;2043252092;0526911067;1719226488
0647113431;1178246409;0840687076;1132772719-1068557578;1988957232;0673749022;0018542123
0252332446;1818700744;1768656657;0343792425-1388276545;0354067160;0129572283;0172942323
1096248270;1382466277;1485140646;0556408241-1409507449;0699585286;0456934477;0296233267
0925424723;1536747887;0335914340;2125288064-0620991097;0226842859;0764457788;1994866562
1207610570;0442902193;0678837249;1784511079-0521090751;0533939591;1736028771;1722726055
1482277531;1828158317;1808296190;0845492986-0301323503;0577675295;0215114978;1222457345
0864546566;0559779160;0082484613;1191938376-1180826216;1249830385;1361729388;0852598037
1604315075;2066277440;0966878443;0317234652-1708384310;0958737780;0936065019;2127060058
0338123197;0594842017;0973402934;0452688892-1955130170;1225484443;0201375124;0077481396
0854732490;0970844647;0405232223;1067327324-0639431077;0909941551;1156597370;2057508593
1765238557;0877844194;0714713668;1316580405-0095368147;0829645967;0248447398;0947208418
0435606115;0460222182;1865600027;1878407589-0239253776;1048826048;1073614160;1075585026
1987675183;0601187949;0255299708;0149865650-1941145266;0256920438;1619670996;0307720400
0716140824;1680471180;2121680563;0119263906-0866225491;0860184224;0256341164;0473747466
1551781633;1752496663;1473196436;1673533589-1485705564;1461050479;1547380755;0801384115
1992870468;2018997064;0894548401;0141962960-0117136903;1624908069;0280376784;0713487170
0030181342;0451674302;2082785216;1387679212-1052109664;0426773450;0185993170;1398501805
0411320220;0309077847;2055916083;0769726751-0356014529;0646748361;1484965860;1913747233
1487163912;0201701551;1268772691;1897486574-0924691268;2094471584;0231970664;1048130543
0121679860;0668975076;1387210287;1760821777-1806950379;1848767626;0296601739;0675882686
1519294619;1204098703;1548495640;0211903487-0934019283;2104113458;1221673457;0574642832
0788116865;0201015359;0473361982;1515402986-0221932282;1984252382;1056230011;0957968775
0896299866;1661547804;1904079887;0069353215-1683347831;1077430039;0784553969;0448964403
1634669310;1128797099;0822305295;1427824620-1466116762;0797053256;0071083606;0701258310
0658161434;0030955541;0578735013;0845926228-1140370856;2068910964;0131359724;0149692152
1172648027;1237961270;1593492754;0564154741-0608430482;1721467607;1806378465;0826543616
1794325316;0112731191;0592550483;1114296642-1926260254;1340110453;0427893835;1836434689
1322843339;0129801182;1872564169;0813141598-2032391725;0532832893;0315624661;0419069337
1699468446;1433666822;0871758014;1503501464-2056514846;0095718257;0271493796;1740963144
0902870833;0430640529;0755480513;1437660927-1428687692;0939382337;2046648862;1781849635
0887358030;1699965442;1196744006;0344671040-1122773321;0512399858;0494988936;2074882521
1711070461;1007721050;1711647108;2109492591-1434448614;1126434276;1912528427;0330044293
0104172250;0623833445;0753545461;1127496668-0440797948;1820013533;0210381263;1119804279
0003834845;0027730505;0062646136;0626620722-0354669766;1667636737;1161561762;1742182704
2072662930;0913626523;0812896011;0052294663-0595589418;0650069659;1471446524;0180050016
0296160289;1846367124;0753553918;1269633467-1332163277;0003692917;1937313903;0287711907
1588331552;1866662254;0403903955;0217963518-1853228891;0115154949;0526461896;0612460432
0733360553;1182164138;0113965322;2007237377-0817984516;1822935965;2083055653;1637946577
0375248746;1793686430;0112392424;1341344455-1840412626;1608037441;0203573392;0516549673
1521452937;0971727330;0208099875;1431221809-0580613816;0210713544;0262000105;1094288385
0654933787;1618467234;1550928936;0306120066-1736614697;0832966102;0215381521;1407278252
1888176953;1224197352;0044073157;2003175131-1263292698;2137041044;0584830433;0212435112
1279106070;1624412020;0533215829;0309179072-1609721011;0582046971;0675429512;0345250142
0118322400;0074719678;1683178298;0375572555-0793493352;0369319194;0919953728;1927531743
1235189606;0107292493;1526150018;0458672758-1594234623;0147845142;0194722015;2075311724
0334750694;1895242565;1864337651;2136490627-2071390149;0996832726;1247695635;1990208137
0222872887;0613131441;1273590581;1267385218-0053064333;0646531226;2130545209;0930997585
0710559053;0209442804;0379509395;0387970175-0854378933;1471063089;0178108912;2031763713
0715253444;1798661049;2116435371;0010151489-0964867510;0879222073;0250405904;1651564055
1610934910;1656694641;1941347932;1515644253-2129423104;1399131673;0260093461;1261577382
1225012443;0858405712;0429661038;1473044452-1266622148;0113048725;1634377127;0513044712
0595631879;1363711686;1956825818;1806952968-1892280949;1480581420;1238908151;0327852545
1922169260;1302250999;1926693616;0033690999-1456421032;1049676318;0331716521;0292020835
0994040450;1562553137;0253054396;1067612512-1137618499;0907203452;0234524064;1013451403
1384925864;2021230062;1917323788;1468781681-0489190302;1254004998;0657489728;1626494681
1176760904;1643608305;1042630774;0028859098-1851039511;1972950935;0091371218;0225253321
1966380033;1323370948;0407391057;0843628363-1174859447;1898075211;0080495092;2113797281
0768929446;1988094923;1213307188;1696680451-1820475091;1525335628;1803605557;1466919094
1396945298;0020910835;1408569384;2113396007-0467168269;0496883651;1707102821;0895588627
0445172166;0175567814;0125718920;1981463439-1427105244;0112982565;0522426007;1500750713
0921799376;0735082974;0066122827;1077307890-0879079373;2147014298;0701585945;1869755585
0853910544;0041300107;0493680368;1556616615-1409660551;1125286953;1956823589;1769490165
1467659499;0956030251;0527781703;1319620211-1793263708;1597638358;1519844465;1855425837
0532004372;1423057743;0806109962;1963286058-0862540651;1206104107;0893582316;1084841541
0795616557;1694287277;0253105319;1923475373-1779255720;0241101565;2039844713;1241150683
1510865870;1276034962;1547907392;1062637586-1275899450;1417840855;1172702873;0012274345
0136486303;0412759525;0877156865;2047677047-1882685754;1275412580;1824951353;1595943417
0950258489;0158541884;1733722108;1609346660-0732780655;0025753040;1187130233;1974745401
0186190222;0415387475;2095439575;1468609872-1896563733;0446888110;1098151211;1152940959
0733751032;1302493750;1711642379;2030012288-1343824527;0573309790;2006000088;1497704763
1268125254;1753431150;2146733916;0284172965-0091391827;0571628784;1670619657;1903374321
1095807335;0414122673;0165265184;0915591917-1633018264;1296954388;0953382066;1116892995
0466008538;0332637557;0739487358;1076160717-0925895585;0860590933;0649448386;1767129448
0445794526;2045637746;1967892199;0968541146-0344996562;0151370634;1465607590;0829334040
1448341250;0544250005;1076981462;1835254918-0821784965;1272572898;1343056213;0545158274
1309873016;1180914515;0586388031;0621180934-1269949671;0204152964;1667481689;0703153673
0301272670;1870808711;1373930050;1898177806-1804809257;0222668524;1473369794;0292194201
1760319165;1949485083;0837787702;1795117782-0546805371;1075344884;0099092236;1143384027
1171668433;1953794088;0244790739;1766766368-0785959907;0456244252;1580523574;1634478475
0068916901;0792669374;1553106477;0396829654-1579270843;2054665028;1218081836;0339810801
1041115034;0323620682;1664208170;1519694662-1485170463;1057542560;1543143348;0450245017
1683112338;1414466482;0294190684;0955470594-1859044739;1225348170;0058518460;2119730541
1704982504;1766642807;0856753827;0583717254-0830588482;1056911474;1673899181;1187759367
1811182304;2107770750;0412754338;0789978956-1432407738;1185169696;1236254747;0829248104
0004014898;0906397629;1723442432;0637523888-1068070733;0249004258;1716419850;0720588799
1275659360;1677615519;1371226370;1554584633-1617877429;0228010889;1068185175;0024947305
0530043970;0686836034;0928620813;1566341342-1644390068;1296819633;0836038428;0312357075
1335326257;1624290249;0634094279;1408690739-2005525845;2117037250;1535997254;0604927391
0827075639;2146101289;0389029211;1473727809-2014385012;0689201729;2034151032;0036734584
1070346599;1992262121;0384443623;1713161585-1793503766;1337325870;0872047588;2075404388
1892154542;1503542618;0600706477;0753134392-0661110926;0210943704;1982815578;0530185300
0914685697;1434564253;0922495302;1694093021-1283212021;1913653773;2063865339;1228886229
1540617604;0949738549;0009844892;0106859025-0683304283;1700023872;0031293369;1961642915
1163523661;0356080845;1761321373;1613725763-1317920778;1148180688;0184771274;0189448556
1491115838;0049728776;0420399549;0434021413-1743423079;1444809085;1308694966;0708780988
0390275407;0943707511;1725404282;1398082133-1947827504;0896144860;1203845609;1589712076
1446809005;0561612054;0823163013;0811105517-0024233063;1410680558;1088675426;0807212342
1163633895;0061300036;1625038139;0318979627-0971408077;1284865645;1788824930;0009540510
1433561692;1252321751;0284444810;0365323448-0335443763;0658751366;1356008077;1331288175
0328239132;1977086028;0870402565;0197306591-0417123969;1215923175;0566417373;2129264507
0881075541;1336871522;1825755340;0076167397-0245187767;1997165023;1183138951;1465261884
1461504239;0583790487;2061415513;0856849940-0051604798;1885930245;2118481642;0042089834
0881720175;1433816925;1247055488;1968675743-1252663272;1729420963;0186962996;0518498211
2058276398;1784835310;1675473874;1883820854-1025685457;0844241330;0739577581;0445055031
0354363516;0815460281;0200307613;1463176842-0777941697;0985658543;0274279243;1311330639
2056864159;1671654554;2117019024;1229672872-1876824623;1551631625;1378795854;2073367048
2010319514;1079853547;0714263632;0195276294-0653660642;1695555689;0096469333;0009926246
1474175703;0952204882;0659314330;0080325790-1415822214;1605141938;0930978352;0387310022
0496605697;1330497237;2067329695;1472259052-0951306230;0588055695;0732322371;0913308440
1909325971;0193457476;0149557574;1058279228-1039420542;1909064696;0097175845;1146855195
1529530540;1440531190;0277074052;1039045268-2044285519;0715849480;1078819866;0521056241
2101413668;0943459514;1852285997;1447804667-0115834112;1203736202;1898392274;1114405639
1610689186;1821778667;1959700990;0737844891-1388505259;2050579711;1275635721;1280314846
0465473782;2082411700;1552446741;0046064937-1119283239;1984133800;1210705984;0927917763
0487598227;0265804237;0605825499;0889191266-0298908189;0785682190;0083621927;0979421951
0682576202;0200584740;1825883037;0074887229-0204240661;0993921521;1711197081;0988339743
0240051056;1563809126;2035108696;1099807903-1079675992;2025064041;1930499431;1720997941
0355152944;1198474795;1516754352;1459504174-1328436384;1790311676;1374960415;2035653185
1661099938;0819246966;1566096645;1826734883-1506961069;0072553965;1791261906;0165606849
0215504631;1328904375;1065901825;0303389501-0941165329;1948624348;1403800086;1412699460
0660622988;0600104326;1370200770;1497194609-1283901564;0617901092;1980219999;2003445634
1514669325;0776193737;1672465881;0720606384-1571210455;1875193673;2057542386;0185713861
0999122736;1081188059;1668570346;1820342696-1447656510;1920726707;0679582845;1430841169
0625648277;1190655827;1099861643;1982884172-1683044658;0276968722;1416247605;0164753887
0912157826;1898309296;1867278040;0016001022-0493720879;0090001345;0824117927;1827959586
0615707920;1626800194;2016550601;0579034053-1576924214;1269577071;0384315705;1710727406
1684446606;0217188641;1714773034;0959839698-0128648022;1818756872;0564516306;0242802496
0562620972;0600178663;0472099082;1764679156-0065926175;2067145020;0515909974;1507450079
1848894094;0274665768;1365205373;1291419463-0269694412;1563487314;0921381706;0157754225
1380439177;1775409298;0018796421;0231351638-1381578796;1601633008;2085933958;0621494831
0103165609;0885087334;0043599769;0489393956-0381850482;1079913738;1725893769;1034955554
2027939025;0858231638;1798966614;0809615385-0749388303;2125102513;1797402734;0295287989
0070522906;2014991645;0147464325;0236781637-0301775168;1726358009;0247502646;0101147083
1319459204;1234702706;0513898781;2065067680-2109278593;2132751522;1505278177;1852959179
2024556306;1986931874;0993295468;1926542545-1789607996;0285628890;0938803185;0902775786
0980669247;0171043604;1396732742;0743449437-1094829413;1158056795;0816260804;0769795792
1516386616;1721416163;0941759157;1191673309-1020812441;0547840004;1284552539;0821419682
1575712458;0230946802;1019951085;1103415241-1578663642;0439372409;1483299677;1827496963
1430337747;0754569311;1155474442;0364326873-0765876914;0076313480;0552921101;0783203938
1381313503;1437820851;1969046713;1045105121-0813019834;2133387824;1462187656;1332561771
0258730634;1978864110;0689855681;0140220414-0894937339;0236392985;0212151945;0814885595
1278978246;1623557699;1207028311;1394293415-0547869841;1786022998;0162109620;1567118944
1828645000;1398042783;1286472054;0870453582-1054749310;1841630832;0607589213;0467161406
0381537210;0109718528;1498330970;1055368068-1503678303;0733680625;0119163301;1322840903
0088859330;0957624645;1554957897;1448874536-0917253219;1637233567;1276591558;0165198129
1936082179;1060963109;1050251922;1415958361-1745880920;1951553479;1241580922;0151958155
0602654802;1286377962;1436532985;1798719321-0948329228;2093190609;0177460309;1868111327
1136153749;2058953966;0287818804;1237465784-1855794140;0279621952;0911927628;0176855157
0287256251;0372572101;1904470502;0191968579-0895469459;0589799237;2118745354;0179330124
1081837327;1843399387;0266922040;0065387697-1606879862;0075495962;1845281604;1836572101
1484843176;1999280892;0237327235;0881706166-1198367662;1863653668;1378206581;0759390325
0577878154;1477082544;0415357688;1594809466-1219296855;1433282311;0851732578;2090931191
0858127629;0050887351;0565216751;1277763376-0532590432;0535549928;0883675319;2081667428
1928369119;0276582509;1367616655;1015646744-1774800052;0516617134;0507786317;0264616641
2120735997;1423812320;0603383719;0652384099-1715533958;0863787484;0686789868;0152708851
0334700592;1053178251;1206645983;1410957660-1450961446;1632211237;0618153481;1927154628
1339468742;0380075293;1309083273;0792605796-0484551031;0591188593;1847331529;1929923224
0626621480;0367409472;1035510779;0622187365-1005166312;1723838482;0851485297;0082363071
1296665629;0395176847;1717831005;0815550767-1721105815;0020707615;0140534491;1878662184
0223264647;0754990820;1797325264;1140733346-1718829453;0416597127;0951224269;1358020815
0799637389;0552933997;0999947010;2049859295-2052505891;1436688276;0113727864;0163764418
1462021519;0687780859;1775909059;1975828607-1211764288;1534963915;0417467994;0555500409
1183960554;0241557976;1120809802;1871274377-0610443924;1201648949;1177669455;1881239433
0589415650;2114249586;1928368640;0268531956-1353442145;1155341991;0285706563;0096769649
0762369964;1264546946;1742350710;0601372478-1209194964;1302008387;2144081026;0794207322
1631594749;0994257900;0922267993;0021194305-1877882380;0002000701;1413527002;1684219500
0695185393;1669860471;2028637101;1853376735-0452485410;0682691843;2144163027;0024914482
2125871456;1836125853;0427203981;0979476746-1603515767;1517209766;0523712684;1651094582
0162953140;0711774055;1302628595;1830498647-0340033207;0484125382;2027240438;2001981811
0534516281;0691039366;0707061386;1553695651-1709142484;0816466316;2076352329;0644329753
1637610497;1169203127;1321585439;0463112352-1048563336;0953180870;2030359117;0730528589
0829985424;1658733903;1855486014;1543399211-0455567164;0938123793;0221652677;1579898441
1865286379;0901892947;1175179703;0838166862-1725208961;0262805733;1749576299;1782762569
1198654239;0237702366;0744081942;0987922713-1820962434;1126174841;1847171676;1390757500
1249288552;0845076745;1895495604;1822196830-0397831943;1244872890;1792973156;1009298188
0301318063;0486245215;1148051670;0163849395-0742746311;0014808966;1933672157;1357912648
1129158267;0450004930;1942937423;0312932079-0262000250;1096725400;0811655599;0679526649
0486354997;0845674097;1197772433;0449574453-1150361425;0329196034;0879868766;0381956920
0721333557;0907905184;1291115553;1604329983-0169352549;0892458768;1528723128;0755259588
2019541746;1459084187;0712165816;1444504781-0489224932;1836031408;0987350513;0793931622
1292872143;1062567055;0090484933;0361846855-2033887328;2047112397;0982547792;1678978361
0654191747;2031902836;0906010058;1651987576-0139117769;1690135647;1343620260;1435161615
0224940201;0998739487;1082373057;0109995262-1854432014;1008690387;0823424891;0917521769
1855786123;0144880233;1903103980;0847153442-0291320084;2101420275;1054503363;2002966897
2058471154;0763132108;1188999272;1175429169-0735974630;0019799690;2060908192;0920240481
0304538473;0924584910;0306912678;0025659052-1754957564;2031370250;0544771744;1255914247
0533982966;0317548749;0544961648;0152663481-1719650649;1333536417;1607220427;1504404623
0056038983;1249349895;1876068546;1729147368-2031102772;0344236292;0258414626;0962684948
0704124538;1586215196;0656805314;0860966818-0524496640;1942141192;1963063191;1411782276
0277897029;1985917825;1130043101;0289024439-0025736759;0913495466;0757704659;0164177103
1955567373;2131104323;1738091995;2039593471-1313493683;1903922668;1721940776;1168995260
2122932064;1825888390;0164855100;0465761070-0468410175;2042244970;0780080789;0430155788
1198373114;1955285432;1687489230;1962446328-1781584070;0718974369;2059221761;0493682075
1585306164;0411090019;0735056934;1775952194-0553314905;0959416825;1611356099;0145683576
0372504252;0764132359;0820348653;0754797231-0691158588;0563341893;1979279675;1231805695
1215958785;1164914643;0111995202;1107685242-0330126451;1485001756;0369567658;0800920882
0649764378;0635556051;0206888979;0407045560-1479311225;1365577256;1099206103;1702641627
1078228714;1322982812;0326440246;1807980084-1975150385;0550305369;1917752801;0089268584
1393505682;0193343192;0376270033;1778587863-1901330848;1110894976;0589034614;0005144828
0569778316;0634575039;0898889471;0087882452-1719105275;0757370187;0985157140;0437133610
0363026883;0391781454;0486035676;1921296991-1674411445;1207445827;1969033886;0829521732
0307913400;1812408177;1236181791;1750560259-1140309113;1031196363;1124241651;1568302051
0238287879;1994864345;1170349451;1260500084-0298734133;0007806645;0209780048;1752602009
1096263011;1630218264;1481994622;1368274048-1327032660;1820242525;1911566160;1337092000
1236361792;0480869772;0997294343;0416157966-0012696283;0785547328;2111963587;0014805446
1874511517;1329964729;1707402327;1634418675-1211341948;0879146476;1127330772;1947551170
0546766616;0423989599;0642449647;0103440013-1202028068;1107071547;0753172821;1306987129
2069935587;0172329309;1530740207;0296567989-0108646436;0659549902;1892100747;0599410053
0438972694;1207740613;0481051247;1899861021-0029832704;1034566377;1929492127;1971108789
1342678101;0632680831;1275190320;0236911180-0331520722;1296194336;1064089984;2064032519
1891196842;0439864247;1159686355;0286988313-0164305429;1964858808;1525946137;1327012085
1474438500;1074066767;0092616287;1823775181-1155373436;0814202678;0538610462;0782462729
1808715722;1454116369;0969910923;1892002131-1089454588;1017686194;1692097850;2110111376
1096949874;0289422823;0278925706;2095022988-0909483104;2041413229;1833395331;1779960961
1356668817;1698927120;0925535328;1248202475-1918733429;1538297851;0616355524;1773662387
0723234302;0641471694;0846853118;1686225557-0051247040;0168058833;0623810426;0366665128
1410223053;1989323479;0386811410;0706368401-0644114991;0175589210;0485321492;0655424738
1279946103;0710461122;0711000134;1180240230-2138581918;0712495987;0551237837;0409873301
1760513978;0928739880;1420016764;1235983437-0564308228;1040602844;0305177940;0934688544
0467481203;1461398095;0947311926;0027781424-0918441769;0138356947;1787902175;1680666401
1107792616;2134761269;0923357654;1155257556-1014091165;1399987563;1760134809;0998497438
1309222808;0990286894;0753563208;1425770497-1302209853;1235152794;1636076856;1163102604
1869310434;1962192275;1806682593;1643055618-0343554953;1692051935;1338417971;2047119919
1108970046;0448990809;2078474952;1959516162-1926407989;1675608951;2006576346;0445454734
0629720896;0919686656;1733819933;1106007788-0054444484;0220408966;0004200487;1878108305
1651638529;0715135781;1968582655;1835616903-0463215919;0641730258;0897570972;1550189876
0769640528;1054348215;1542878108;0287323631-1505027761;1939184761;1666451255;0564518611
0281542631;0980524876;2039567501;0877015893-1825844290;1571150047;0859916417;0050276209
1031171392;0704554054;0215156020;1912250239-2096989518;1748698109;2055408768;0833218134
0156316051;0831368876;1288091550;0172035443-0886701639;1405420140;0723659627;1347458028
1512018981;1329018716;0840147365;0651784530-0228512363;0906524105;1701640917;1439164920
0936494279;0751698290;0146864729;0896789900-1307614654;1879330027;0710283713;2024254365
1207176781;1742145058;1439946608;1189422613-1848070415;1463478344;1550318517;0784226168
1382063937;1165463207;0741775762;0882661099-0068057417;1379707315;0212422899;1073842179
0612933065;0086968796;1395674412;0135966303-0263054113;1629131665;0399394405;1735367960
1353893813;0156591479;1165519978;1695925959-2024629929;1076829988;1436915047;1777584414
0068749034;0118812352;1866892001;2117778137-1103183181;1973398516;1171414144;1974926159
1076706281;1505255145;1465860355;0782588101-1768359279;1788211320;0434015475;1643623113
1291508830;1771685581;1858794212;1309708175-0557915475;0971785523;1186149626;0526069081
0452869668;0698465108;0957455654;0862209807-2088059940;1993135953;0038552518;1559592279
2029521518;1685387725;1002190145;1095523594-2087738627;0887795656;0465211036;1961406972
1492996954;1600874330;0072251047;0995086374-1961528629;1390202506;0511438982;1525415180
0993152374;1669045334;1213531424;1170447609-0762757943;1342859058;1526541483;0595574072
0392149437;0228275016;1212400370;1488175854-0029541569;0436427726;1384136377;1637223935
1114706534;0225380510;1956561909;1666401699-1879114566;1383997980;1458669203;0179980669
1278128907;0233619008;0834560740;1246658623-1741016629;1801793228;1071876649;1938008707
1227864500;1548287477;1008275240;0288500203-1952320542;1248706881;1806350483;0356250142
0311728758;1512620673;0704237925;1344426858-2106752319;0475853697;0443984051;1681755479
0084573739;1944140706;1209156637;0657846498-1180277130;0611276571;0163561549;0199885883
0817611673;1999014605;0056808920;1304779172-1468024287;0644571226;1401079914;0791925243
1931398642;1801651689;0840514323;0376796695-2040261509;1803790114;0273801299;1868460419
0560892052;1606991281;1948115095;1434719503-1384298405;0065461237;0695382995;0695989991
0160353528;2117251758;0846265916;0407056131-1656978022;0261681458;0033755550;0393846042
0825827840;0501696319;0989235311;0259476903-1636505311;1921694848;1918743103;1700888769
1682715366;1185009019;0683240055;0620543876-1300334100;1921626828;0775530963;1270641498
1094271118;0364727318;1053705088;1471260854-1354461620;1109789140;1330601785;1676984284
1499477960;1005476175;0489254982;0193598111-0365726372;0664936490;0082688442;0322725085
1644294920;1845150844;1786372428;1740012336-2102509953;0041368686;1646287621;0976738199
0673912925;0625776197;1193123620;1773869301-2053354253;0662722881;1533267625;1972693022
0051594721;1716566106;1031229744;1685276118-1273894943;2087830058;0276992826;1821363533
1424994793;1149854607;0401040496;1483931986-1717296091;0415185757;0852648796;0309937941
1479130412;0474136812;1653068914;1133296359-1279440470;0802221879;1040784487;1210568194
0759564880;1364140392;0572152972;1890712785-0894252836;1616852946;0189394284;0578966334
0438770981;2112517516;0734755561;1005743477-0686832402;0867577789;2113420240;0874452300
1689209679;0813261613;1902000183;1622990086-0257091208;0194835092;1828313216;0116716389
0999780212;1393968956;1537138369;0456294373-0275423574;1216748933;1560030197;0799674756
1180961166;1370451388;1414364041;0719948444-1250631110;1934612581;2131233287;1758106296
1265017799;1066042493;0520112930;1279571220-0852253482;0108346484;2060707579;1843505084
2043371519;0386637009;2070178088;2100559969-1627725950;0395862517;0356984813;1921926020
1509083613;1386412621;1239351197;1331675726-0399357848;1120954461;0007590896;0878653899
1438523721;0897280921;0970270013;1484776820-0884035600;1694459254;0996039111;0794310212
1213383332;0828949012;1419626595;1120863995-0634612481;1528177165;0169194035;0375797617
0281143092;0707923844;1016641728;1317626964-0505016084;0949950844;1430403310;1856486652
1181252901;1978674239;1793661078;1833785007-1886794552;1612503862;0108783494;0815600061
0402106426;0071664673;1877316791;1233564613-0713322553;1558430717;1834501807;1049150270
0080362373;2030672695;1705866741;1595628537-2100521270;0977311857;1725448343;2138615360
1274555681;0307951742;0309338524;2142147128-0503438341;0202628007;1807333154;1839616110
1105894911;0304804392;1098918249;1159646743-1768713076;1292026558;1883205489;1420664137
1378963213;0591202467;2080511847;1833872075-1202662781;1037274703;0203686975;0278055507
0354490277;0798448761;2050499671;2077887088-0669220502;1217117775;1316706750;0071364915
1134251379;0150592434;1271302072;1459120101-1315772414;1547848939;0080218015;1751931436
0563360835;0150154222;0348723929;0520202040-0629759343;1565865385;0087431710;0585935422
1604116059;0868899175;0699634625;1286175050-0173674648;0519532663;0116958339;0771266568
0465915084;0909439826;1314039883;0346487833-1592842214;0367947196;1483103459;0677144684
1254858535;2117984205;0271600763;1391273866-1337917326;0075230345;1676023979;0392017354
0155839682;1414969681;0161521689;0275697215-1520865926;1843251688;2079512241;0065879562
1283720329;1866851741;1441128317;1723052953-0534001276;0625284919;1526148862;0439243866
1470361123;1265068232;1913669924;0187831549-0083882953;1071518639;0215901931;1563874534
0986937305;0291595707;0291365095;0710436505-0297262215;1039084583;0557569077;1592325278
0269738432;0155847807;1551526556;1760384818-0905431407;0516534807;1271600075;0025205581
0575921408;0802307227;0327744676;0109214977-1625083901;1088101561;1899681522;1307960305
1246235443;1071081310;1455648016;0942498288-0729346144;0283985132;1229449890;0276649796
0351025617;0549966610;0519197582;0927702913-1171581571;0493904454;1027862723;0930328993
0210951544;2114582458;1080497403;0798133189-1041648361;0697312983;0921043602;0917691238
0409084312;1384877737;1212359573;0802500675-1431541565;1659785614;0204239968;0982274270
1376861401;1773270182;0573895808;1117786379-0448727897;1954680262;0106331628;0409277492
0336686703;0074007476;0450617519;1501302511-1605933774;1354464122;1151840254;1561554920
0655890453;0517283520;0970317584;0136818970-1708926500;1481390522;1952583583;1374669674
1444136492;0741842650;2006847715;0711386223-1226787112;0620496537;0504707527;0059000639
1633778406;1187759100;1806694835;1848806912-0956881541;1950510851;0898001302;0192811598
0031704263;0277603785;1352333211;1844841076-0875068946;1315760766;1352081003;1900948514
1127458379;1944758372;0852850864;1558611170-0572408084;1883412875;0611233345;1584545814
0516789451;1256434489;0687755672;1352591150-1885054555;0285661694;1490140013;0828907177
0716505750;1371331521;1174373843;0178979724-1635115468;0037440017;0041657148;0052017514
0232513469;1581119590;0914301152;1413967379-0495701151;1160178144;2110035095;1962378754
0645867852;1718636626;1470721032;0871607854-1127245991;0522636903;0750312491;0478061053
1035794344;1093097026;2106599544;0055647919-1119188188;0386611643;1643851726;0838840227
0157552634;0139782887;2131355638;1666975906-0792393380;1209442613;1169277836;0429735955
0584690824;0013510296;1581761937;0972808946-1206950811;0091750915;0164369859;0900250171
1482330882;0577344927;1105070943;1488759745-1253063018;2005501044;1700206843;0959003319
1104011698;0865898206;1801956170;1662959196-2003025114;0889440626;0194934415;1350151230
1679508408;0972757088;0335373405;1623728107-1923591920;1590577502;0959638258;1038013236
1878792871;0272237409;1353964953;1352241459-0302765212;1186158341;0672542086;1208405241
0914035808;1249298065;1004961736;0433013297-1979886643;0695698636;1706000984;1704366991
0011650404;0387328151;0801299800;0575788263-0712022859;1189310129;2105035474;1685610840
0457116656;1210632073;1833179233;0295485522-1242976390;2130752361;0117633955;1388926445
0539518225;1006849941;2103303674;0496535651-0153234115;0572878052;1192230463;1794965131
0128683661;0270257898;0296578281;0281624080-0201954572;1226329344;1516724349;0955243753
0194011699;0874448947;1632855808;0714040043-0732383265;1936753898;1613126107;1976920621
0237890763;1762986674;1685152259;1339680377-1789541091;1308640202;1935846087;1387932159
1008422599;0617679269;0399524485;1774138873-0141599916;0457907336;1614688951;0326352318
0330174188;0139833868;0840709658;1512308393-1898198906;0011953310;1183301999;2058125973
1404125982;0447582591;2032875143;0067704631-1892883954;0877868220;1118518650;2018588359
0467894407;1963666782;0818917978;0331762623-1066857149;1327134440;1383375338;1731343344
0284165758;2117747425;0587006597;0280001461-0847884450;1839953305;0330680335;0056711909
1821798942;0152979268;0584631817;1169263294-0185328561;0965836577;2133945613;0099529144
2044045842;0982565435;1975504262;0055465167-0195158971;0829296628;0819557766;0347261304
1707667429;1795020695;1062547809;1914501058-1271798805;1217777044;1659622598;1759397350
1488925907;1898264105;1107752903;1467304878-1438366045;0394704036;0213747469;1861053699
0630200538;0391095162;1836427914;1208975914-1915402331;1387108587;0051549877;0962872998
1717197241;0901297454;1904147087;1198783615-0264641151;0385191920;1404887382;0359530509
1757765752;1983945732;0197330755;0823248317-0097326198;1526354419;1746556718;0424788583
1186071853;1366421917;0263038001;1358337281-1823514157;1063310362;1845827447;0273137167
1443812130;1732741457;0159930832;1455451027-1926671459;1808781947;0419676297;1163226931
1811390676;1314911660;2113541990;0773220903-1100168724;0701543598;1158029556;0358454931
0860395482;1659470723;1354317872;0841300151-0699306009;0058093232;1415374486;0522628383
0607116851;1118107860;1556891770;1739223342-1726789677;1060095781;1505455755;0542545331
0343812955;1733324255;1365082230;1369238709-0360220911;0476450284;1880887172;1111415964
0755345342;1313325577;1226048773;1096134846-1623632756;0321027663;1033010777;1554326691
1577613529;2117476041;0320823003;1888257451-0429643591;1179812723;1395922710;0014143495
1486519295;0105041867;0207100835;1820225705-1628872420;0337230984;0631803655;1564878817
0686052510;0644834827;1536454627;1849544461-0467965702;1014438200;0790153867;0077169621
2057181006;0554451142;0728799261;1829940786-1701481615;0909259853;0436717319;1956358634
0397442421;1140627577;2088653517;1231966357-1768721372;1431457430;0245728669;0350686702
1296273146;0241166007;0975437760;0292271122-0905646765;1988573066;0659522001;1423168640
0522472194;0129531975;1642969414;1042207972-1512760472;0906356071;1024977126;1824224095
0110336446;1146260561;0125451490;1781734723-1103515693;1119476759;0941657146;1624658079
0373762148;0430753961;0514448490;0566608608-1048383858;0084177771;1731557471;1735514600
1670988646;1662521503;1089169804;0526288800-1998203254;1452818192;0626286554;1180759131
0122332790;0905351351;1318517262;0435869041-0584252170;1230987106;0342835344;0335001707
1819050762;1208958242;1618389027;0236503887-2076081859;0393507757;1582722786;2089412560
1104300176;1419380658;1282368130;0615279618-0870779421;0088674442;2145179323;2073415825
0682630906;1119994868;1059580521;1435415523-0197404663;2065420073;1589496803;2123682988
1561766176;2058986398;0832903428;1309503250-1408708294;0153089083;0282808875;0787451314
1900001584;0244791398;1777842181;0106071709-0335786153;2118332802;1835503248;0700499981
0797827813;0204161223;1806290702;1498994522-1470268297;1852425297;1641536120;0575155831
0820156470;1819744844;2136976181;1642161639-0350835429;1648444188;0714937769;0788078618
1705681677;0632741536;0147975608;0239980430-0376797944;2061253452;0280574360;1886663355
1554959530;1476320367;0490350731;1429982378-1224333469;0184307929;0991943729;0682701642
0161371173;2040942097;0357530748;0360037330-1685971711;0079824612;1582458156;1936743444
1437425729;1770682200;0027355274;0198589660-0506828182;1341110872;0062066792;1627004349
1152816392;0787637110;0727707662;0663305569-0589086606;0878974372;0382262491;1562098060
1194509845;1449832759;1989721651;0636437273-2132685251;0391461480;1550683599;0477708401
1551223121;0955520067;0543053803;0299767271-0191887835;1685888698;0832108768;0838554512
1797991570;1601920053;0467848332;1189284257-1670204770;1372819453;0412243203;0789267599
0214048874;0484316593;0945956421;0868129006-0640306124;0584470951;0613072079;0275893447
0523969856;1678417092;1958361899;1854062571-1241912827;1435318196;0709113421;1682509544
2020725959;2034799255;0194000310;0683034024-1452748153;1596624728;1663634231;0463436477
0053681270;0277973150;1117799825;0674714819-1218306773;1972843313;0430051911;1599996022
0342914020;1657309239;1533478283;1218254734-1098223840;0226132915;1717330862;0999581954
0209330397;0637768593;0885860374;0151181167-0428719368;0678782291;0860831973;0405640372
1484636626;0675278689;2105335275;0281915306-0801622660;1707128989;1335394203;0618775024
1636009594;0032630170;0806937205;0834373630-0249384500;1664696203;1132130705;1015646515
1770951249;0254294523;0435590531;0198301894-2112795961;1119613382;1090396260;1811981969
0515354876;0767852581;1069094044;0267923059-1857128501;1231390809;0685420724;0763825760
2109790201;2141412590;1042960057;1268151185-0041769820;1945695818;1576120257;0642373654
0973709309;1306966223;1718568445;0324802965-0060002081;1285144924;0040216142;1602833436
0786690884;2004356456;1790469150;1874142286-1566750253;2074506304;1830442283;1540207106
0492949604;0012084302;1237400896;0765221524-1946075632;1517203214;0413593220;2004166848
0751211141;0549286074;1966330912;0497794301-1980011842;0652434582;0416518092;1770366671
1166710312;0227033027;1813127717;0444588689-1106488110;1684765397;1280141684;1850107342
1338372081;1275846689;0531086728;1032600564-1102327741;0480920318;1846820965;1938808664
1787839917;0634296195;0507325657;1112238609-1696637975;1106580959;1097794893;1606755274
0129029093;1780966228;1072322110;0834937146-1130463324;0909261459;0463709361;0345075364
1475795848;0264694486;1281593265;0477025445-0810199864;1982792268;0138414130;0601493209
1090837234;0633497399;2114346814;1414995989-0603680245;1341129287;0371567697;0055838003
0018962682;0878216618;0531592895;0949814745-1290471064;1509821595;0904774213;0208493484
1604157331;1562557679;0329391790;2022456211-1050373561;1312861387;2014342031;2114303709
0690530254;0740350590;0552115412;0126890797-0202363708;1660227155;1182768614;1683458866
0796111637;1425162249;1816803952;2101528218-0721217717;1108465951;0566600732;0916011926
0102174939;1414765820;1030197156;1510438778-0540350659;2112666297;1087834181;1700793156
0075747675;1780854701;1345371468;0802943413-0282704543;1181427037;0610410697;0643202760
2023591969;0811705444;1517271564;1562351670-1161965821;2090751376;2130944218;1194690907
0197974499;0905235490;1518725082;0221824932-0180020932;1954829148;0461174983;0699457258
0452651528;1327153422;1702405812;1409853303-0069902523;0178149152;0560593746;0888329633
0849827887;0143560612;1199070303;0788039073-1041048862;1358951525;1409694830;1701414106
1922119737;0469917938;1613413947;0372196560-2035203856;0551678376;1371561333;0741856833
0097737749;2000841135;0690527572;0695274216-1015224985;1128747480;2135842409;1914208458
0649037899;1310525380;1407778028;1697977597-2146771443;0914889254;0560779458;1862107570
1162741259;0091152313;0841084280;1366129406-1789256565;0821579014;2106121735;0615046644
1250152697;0336376231;1298355513;0879769824-0866522373;1554912704;0689315785;1803606577
1484062234;1758890580;1561577105;1028753748-0873400639;1193812428;0465763475;0508831010
0642902716;1275719755;0545190637;1853797957-1089512623;1993080439;1253012367;1154209687
0582426058;0604293780;0915393797;0450699071-0724463328;1970358853;1623405631;0798705082
2063519424;1857543765;1768281916;0487971379-0094918960;1870094646;0110057830;0758528743
1129655009;0208813136;0534097554;0095945618-1945266476;0802620204;1292981821;0758441554
1811753133;0964275518;1667030764;1714391786-0994655503;1162330673;1780367999;1755305542
1437385555;1095477782;1317776343;0868145290-0913991312;0501453793;1208068123;1690544523
1773148251;0672085138;2118414793;1066042338-0517507845;0445580565;0597078866;2060902078
0817482483;1975201922;1416487728;2053017501-1445382958;0216360242;0676772923;1449122349
0787279016;1151672745;0893714804;1164083710-1178889800;0916741378;1624656468;0346686071
0629660986;2060262933;0812790703;0429866754-0635545970;0037457612;0337376313;0926864511
2112944686;1471750810;0999217524;0526806328-2106361762;0354213139;0435557689;1793810047
0042539696;2000099868;1116954985;1507874468-0391665429;0683487148;0478468633;1443540463
1461801482;1284586294;1388739967;1700349773-1213744182;0451304021;0154439743;1508515025
0420088693;1651915562;1076262118;0482658545-0996431096;0939951166;0869539630;0726343575
1359415477;0617401506;0026129038;1064077678-1857205577;0379323494;1558499362;0840734675
1932769112;1212820862;2112933957;1291428507-0421696920;0764099340;0265398320;0226029421
2125390851;0201048559;1031354382;1632583337-0429587240;0232721466;0781957875;1913569132
0641304052;0176777671;1132432696;1796241958-0113478580;0269015524;0890834933;0006732047
1476364285;1228480557;1164939241;0525413788-0176778452;1145558963;1218595786;0387833863
0710866796;1086712111;0022031842;0921981210-1643683365;0156680547;0515002207;1282995639
0424405146;1184097135;0389591196;0181591469-0433557096;0382098201;0948359677;0457463305
0594310875;0636433928;2076465836;0404558255-0477365383;0081086889;1322711225;0056844831
1908335349;0723942698;1810065031;0509632615-1230576069;2024471073;0554420843;0219563968
0834704630;1517534206;1681608470;1908760770-1431542504;1675567387;1308010198;2084787094
0673504406;0202248305;1868132581;1493369727-1423619200;1652583173;1559381960;0642173732
1908587549;0667700804;1445357253;1931819954-0292707885;1803871565;1642748256;1620172760
0150933360;0558794413;0711710960;0242190930-1021449445;0516547997;1493284405;2137095993
1508358276;2080575544;0756943907;0263120121-0591044474;1572607143;1727008772;0447458152
2088912517;1290012063;0237842729;0955679236-1070723539;1885041760;0070616129;1434306959
0893122338;1943925883;1893593770;2070327497-0316709738;1476089300;0901774956;1339588613
0247263543;0377510256;1148179354;0162350736-1324588262;1539434632;0394880968;1039959946
0237409489;0116665497;0144438368;0919129866-0965784991;1266939711;1155362772;0634972830
1142111867;1265311783;1712064287;0531085456-1011222060;0423580062;0201812229;0981454190
0478678723;0679555799;0976279047;1546879849-0972591561;1848328410;1504633015;1747139680
1632696329;0181160137;1774094760;1547676372-1474851740;1576940506;1543396715;0413616892
0254538505;0241228711;2029303888;0175163962-1928112944;0266016578;2027157039;0600294818
0276832520;1274584238;0787909241;1006446085-1758146823;1946155088;0705136559;1415382967
0665168550;1835437215;1738166997;1152668438-0448457879;1711455030;1028721292;0327912647
0784819927;0623953215;0619036204;1730694560-0117471305;0802751542;1352895940;0565209144
1149912527;1374501936;0772447573;0987713296-0448774562;0591495270;0559200927;1101540817
0139990532;1326277859;2019204000;0077554459-2082702331;2142114664;2105299540;1828800808
1869224192;0512722981;1630749903;1827316707-0548258802;1880839584;0311604448;1570826150
1858630479;0705331291;0393276397;1989222560-0838149424;1432128495;0786899889;1222136197
1909463071;0350213529;1933589123;2109843857-0895725335;0595339875;0750967752;0753614445
0139427109;0446762086;1127549490;1328577302-2011236855;1465218205;0727391286;1788425078
1879162534;0042712509;0609600665;2061380465-0267798204;1906174163;0908111595;0465297936
1274451625;0706566197;1820988716;1567896415-2010698215;1002230313;1770627170;1249949711
1219757823;0590836899;0231377765;1820695285-0931168892;1442232155;0947905396;1412297126
0341046391;0332839694;1989320270;0332877747-0481393394;1207874709;0587319072;1236801492
1428456731;1352588104;1833860433;1006995687-0257889402;0725179768;1126664051;1479389558
0534636340;0561387332;1341227653;2024805059-1872756251;1893980125;2121345041;0922596593
1249007211;0411545852;1953791224;0196655491-0211504504;0670762943;1371119898;1912593376
1421642136;0636323230;0215964550;0468828420-0481754097;0827759089;0747943557;1465576608
0308619566;0796038257;0191864589;1295193176-1417463040;1265217109;0120878369;0083217721
0628382650;2050106251;1908128089;1535491172-0689141805;1027008364;1603502809;1299424660
1669054277;1363836425;1905830544;1575358003-0716072558;0533124518;0921998742;1938343689
0415456033;1100210234;1399202168;1444902926-0738397006;2077967476;2020301618;1345351009
0459089000;0000079329;1333282503;1634655123-0890356190;0550433034;1915934809;1746531745
0005067372;1415458971;1942567778;0542759505-1795951726;1678000297;1395739275;1226118744
0124653796;1259793547;1308868656;1480505171-2104874855;1133570954;1599591341;2131375041
1993082127;1281382583;1231060365;1574099357-1036845706;1583468984;1745860464;1607749487
1806381455;0876796546;0286762908;0670890888-1374007866;1058547671;1256174749;0617272786
0010215645;2043137402;0746799884;1571217320-1990573728;2072393530;0680788017;0211330503
2041295430;2001031185;1737214275;0172655313-0567438494;2111375978;0876279218;0181965800
0282487272;1824720634;2013216478;0377003614-1222981848;1089933899;0483531583;0637195233
1986817089;1211587620;0713188486;1452650295-2099408969;1610221773;0408419317;0945725007
1273721202;1315248718;1336024855;0480724953-0710805057;0049064738;2144814765;0241256813
0354130555;1195052048;1972703992;0235967511-1651145015;1010580571;0379492674;0106940328
2049763804;0447588654;2134775984;1170672659-0250205999;0439244367;1478781430;1051247279
0965054284;1870849044;2051806781;0424164741-1438577594;1802724432;1690236748;0895341120
0580289311;1199208950;0970795555;1727626626-0094312095;0260449179;0797678867;1995793095
1747465172;0660789432;1250044987;0673577908-1437596419;0344501736;0424764640;0783661852
0487539513;1426481686;0370261494;1724804299-2051586087;1009927977;0148763551;0598036549
0976811083;1898874313;0626100524;0201636568-0176603410;0351111716;1997032503;1103358958
0632715261;1853855330;2053780634;1386457407-1992069499;1442012963;1558912746;1346028622
1110312456;1536039209;1310065076;0113899641-0903336810;1819865027;2009408215;0796036783
0167091071;1538503668;1928038196;1157210589-1626462091;0629020774;2037638084;0661559079
1300600234;2099573672;0083417800;1843626756-1940829176;1386846749;2093289552;1840395310
1317007429;0829909574;0383922953;1552195483-0118139025;1287703347;0089958563;0105080853
0862338537;2104141403;1691345072;0195589765-1627200445;0153634570;0860874296;1116963033
1643137204;1714770855;0923217245;0942887140-0822330767;1855932524;0457958193;0321958903
1651975928;2090833480;1363382499;0719147203-0669075505;0927636843;0061143081;1134579101
1363648794;0899799974;0358320844;0754278920-0569840199;1674642620;0797836758;0354499838
0959140488;1261927434;0665885466;0999742545-0760899687;0175921524;1775555596;0330143260
1767510619;0409684582;0736197392;1616276977-1246501536;1248339067;2066951526;1558823610
1995403517;1642278667;0170241378;0798622242-0671227544;0589734317;1027634914;1396510424
1301918105;0626711452;1879568876;0429651562-1313781320;0295786786;2011353144;1272203781
1581757735;0902185932;1804411304;2124207041-1779590359;1570411944;1339521178;1261367145
1986526478;0622255837;0008491569;0983879481-0438355267;1568063259;0519878029;1626557407
0083513139;1298505682;1256176560;0647710263-0471783598;0757306862;2068337512;1230770195
0992179461;0349682072;1591325912;0653263246-1458972058;0975097360;1013619263;2058665237
1877601442;1722726676;1492714678;1151628892-0156677433;0462665209;2123365523;0521099215
0676194039;0309753549;0527537715;1513881189-0414893867;0241820860;1244133896;0110119233
1790528964;0731952537;1139959343;1595062914-1184030097;1410367177;0116648253;2002102107
0408847506;1699846589;1346665282;1073238841-1210049534;0632380848;0528343333;0021517386
0865453806;0775376311;0818888981;1991893691-0634691554;0709673429;0357145765;0332078990
2089070024;1789748565;0500688426;1229446836-0225321218;0960041265;1368900944;1125855497
0774924362;1812916726;1193430246;0484881542-1851119676;1172800443;1652133335;0441405635
1295990707;1936664675;0113555146;1555860286-1582940930;1460791474;1489251014;0919886513
0797849238;0564251198;0082099634;1164047264-0566341878;0860420042;2072250643;0426769855
0125572005;1659746681;1697376684;0637161240-1415496738;0429834100;0086730192;1680424278
1333398649;1439237298;0005467678;1700950972-0580677540;1281722812;0506838227;1509937187
0700045310;1746106904;1454699273;0029360216-1683395149;1872703665;1010167223;2022287426
0361087713;0012405969;0201207224;1550553390-0436769385;0683948249;1785742199;1885171768
0108176938;1358631604;0327749877;0196628184-1900039402;0880398524;0695665038;1141319398
0831187182;0381844139;0973306937;0986750960-1454662586;1560245454;0122531861;2103654001
2089514246;0665853131;0456288200;0171673963-1253758220;0804859176;0268678579;1670251259
0006676429;0541592559;1510443127;0613444302-0089394467;1361737616;0990886033;0085874146
0177761038;0480012689;1624685891;0841198432-1137198423;0289437061;0518223772;1740747419
1572148052;0453517276;0845394529;0794040351-0972796799;1002796182;0543769218;1586328941
0421033882;0357837909;1227524963;0136656412-1124297841;0365203734;0470894212;0841781889
0205941987;1670820192;0978798772;0946224984-1086900053;1033289389;1941991281;1590992661
1494764630;1245433804;0482836519;1840156467-1597740422;1087750466;0293795151;0750198404
0708084491;1569152210;1642008310;2068802220-0451182963;0267301584;0001932764;0271709843
1077097779;1642711090;0995523798;0723379209-0929439996;0301964494;0613392797;1371233579
1675746296;0019966467;0568961937;1946078715-1569019195;1553908852;0997444397;0790631897
1668968890;2076220763;0580583638;1850995545-1234014373;1829987932;0346380790;1941254160
2087101896;0923675974;0062810855;1247569308-2014513895;0707854663;2001400308;1498613595
1510479149;1218866056;0635294459;0105279529-2054002422;0819081029;0924677133;1856904639
1763909469;0014698648;0079557531;1388595083-1412768032;1813112592;0190382814;0013320868
0545529188;1101373673;1625768618;1858721945-0095116706;0898644374;0263504467;0608296755
1621401565;1476106172;1185342660;1995777048-1477763243;1118447546;0823543431;0762339902
0759294912;1121755510;0585919557;1337473004-1197445079;1390186716;0246056452;1564768289
0975892061;1485257088;0365965288;0385430408-1118187904;0754707631;1332735035;1023295035
1470608069;1120522360;1335203977;1716613936-1835108554;0509328864;0420400306;0446744312
0828821872;1430268262;1734218563;1363331257-2005406556;0112147027;1511924370;1886375286
1008351141;1564168310;1629463243;1677258557-1814216977;1571912333;0786755337;0940134380
1801333681;1938204808;0228766713;0886417261-0920846388;1898082834;0208614853;1496522467
0724629205;0463286298;1824590111;1967000064-1006813730;1494705397;0249904773;1818989926
0186487590;1118284157;0224948155;1132422365-1622608841;0291957434;2075943490;0215423621
2114852952;1331722767;1189975935;0410335034-0930925921;1653585852;1231538737;1024162973
1025656506;0357661873;0416371558;1455053380-1685869271;0505599179;0012610274;1487477712
1180770857;0319411672;1790337451;1808160840-0718149183;1075222541;0190357082;1728326791
1124567015;0594243858;1657562856;1501051908-1689016447;1860578683;1236541214;1348931679
0509867574;0884564688;1996906682;1136169058-0168768682;1816824334;0296604845;0728085228
0566606390;1011105932;0619300413;1876287929-1121350155;0215569013;0263489002;0348376500
1123413778;0539142422;1133179861;1468942231-1040070505;2095574602;1590525014;0077472442
0704242612;1423201267;1070834183;1597151821-1932551694;1853643830;0646583781;0866353447
0863257069;0362039551;0977561706;1629693192-1247044106;1777378469;0902398713;1085654277
1570368627;0611492359;1642826818;0793080647-2022920847;0269576225;1724602052;0799904405
0745704615;0342900413;1428616390;1888493270-0098086230;1415310361;1592363155;0906337171
0707324826;1686364437;0237919553;0099376557-1626999780;1076025209;0795896276;2100557216
1581456279;0130582234;2114803251;0496398060-2135709472;1827419946;0135913028;1515144835
0178155719;0670965315;0477418808;0979000864-0047817934;0517132760;0583977911;0916483387
1583569025;1279765904;1976823823;0758490424-0485627576;1504811232;0447465505;0065010741
1713831311;0164686766;1931538826;2010240530-1899853106;2044288946;0773447069;0606373392
1507694329;1659036550;0499623202;0506096244-1924330788;1123830096;1093748107;0164416029
1676229361;1696388981;1216706095;0840051931-1195308939;1995303735;2112726240;2095296182
1206087368;0612249943;1490639224;0629211866-0954354034;0272889995;1584559620;0748826893
1279419231;0445258006;1618280694;0563234803-0179418045;0412041927;1701389161;1502869122
0018677440;0379121618;0313053077;0148129989-0687178250;0237794184;0139783421;2140330576
0037419935;1851622621;1035862470;0090607061-0266968504;0846308145;1116798934;1032608958
1243405699;0756214136;0882760806;1743832966-1891328953;0512770177;0276489428;1950687935
1726768443;0703215943;1347844560;1566011364-0393417116;0059319499;0550407485;1486532766
0331448964;0090157630;1303316275;0503434525-0138492495;1918573764;1002291843;0657278233
0219381863;2069033189;0038111652;0592408358-0873085414;0190793147;0467336658;1179513927
0669025632;0089421332;1813257671;0481241920-0809534838;1543118521;0032977628;0204212870
0526838184;0494281907;0929264353;1644899887-1275412978;1831640539;0204459228;0372409796
1324094014;1822543084;1922355627;0139553874-0429817794;1960158897;1991436899;1547322998
1978145863;1503180234;0952569530;0345502325-0061794787;1350383608;1290118160;2021015008
0450394857;2053989571;0603094272;0082615664-1247028886;1521575929;0891370227;0413483717
0163749927;1218471282;0442778782;0752152219-1333598491;0503014498;1669033294;1011175144
1782546497;1862099429;1025915472;0415136141-0018752684;1643747526;1235034474;1794956263
2127122832;1393165815;0923649464;1764740932-1104195407;1806011722;1105144956;0585212589
0192880063;1182395518;1855285335;0318070905-0730902952;0679453424;1403146069;1158053976
0768881871;1188501898;1405998939;1861599832-1219123281;0663507740;1839490956;1149915280
1420771607;1037727856;1377378505;1874302522-2112353058;0118193602;0057495339;2104005070
1547479988;0321709499;1755210194;1982355366-1385336804;0337964054;0067609263;0290033978
1960673203;2045443253;0846531995;0584078590-0461111693;1783225875;0395503593;0767000086
1773596108;1756766796;0226877769;1351190158-1960902128;1598018434;1465330856;0473232996
1495018931;1224503417;0893140318;0098632096-1999745635;1605811895;1453527416;1808796087
0657327277;1043664371;0220654701;1986784985-0672015692;0951235871;1553015629;1017430965
1697431341;1555781439;0257759401;0687736608-1032182502;0518410648;0586605057;2121253269
1527668236;0205558920;1675064064;1438595125-2097367949;1666536985;2005382721;1859035829
1075597800;0054884154;1167491715;0475171366-1860948816;1014915604;0223948307;1507846205
2064132835;1429724207;1180220766;1811450470-0172385771;0332213394;0053030758;0082236201
1311845186;2114921000;0327921856;0939595590-1335824739;1412342635;1105916154;0661835493
1651323038;1855129485;1993667249;0378109802-0487330741;0065134329;1643491180;1221594546
1395869302;1263998886;1121040878;1460001415-1095631283;1750184003;1259025462;1284565943
1046700710;1860280393;0518148478;0475281161-1558789734;1426049585;1697874575;0415280689
0300687273;0621975920;1746377491;1707487688-0921597355;1634683321;1364279976;0770657613
0968626634;1781793378;2089330278;1868870249-1006453921;1889846475;1366566195;0540434700
1377659737;0158517805;1329026355;0968536038-0259146406;0376809526;0108428479;1291313897
0642930297;1739273622;0424361990;0458774243-1152409371;0389286104;1496361166;0161126945
0083685748;2052061498;0410226066;1246984392-0773765271;1659427112;0621347795;1926898851
1335591997;1795615135;0315882654;0460190394-1331339111;1184320484;1995934192;1971398804
1921992912;0485853810;1012158776;1134580345-1384556702;0111691622;0300383476;1958510682
0059691158;0354429357;1922049968;1444794002-1055194985;0742155969;0830349207;1330383843
0161516737;0192468951;0715287075;0216413619-1573880162;1647802635;0669774733;1942143604
2003601675;1989766765;1394668271;0405623692-1204295866;0567246887;1038520776;1819083063
1751841149;1193390873;1970623178;1770948612-0209974464;0725184427;1204967864;1124099038
1318889007;0241336315;1690320669;0158317720-0113681407;1530445266;1781945543;0351800139
0682455982;0327530847;0810358268;0350121002-0378487834;0398463624;1124117222;1624507495
2137864154;1533938321;0360178812;1916376038-0572332960;0620803807;1374027123;1382200070
1305966891;2102664697;0494667447;0966584192-1814209036;1438447946;1771214143;0377786687
